     0/499     4.04G    0.1179   0.02843         0    0.1463        12       640         0         0         0         0    0.1137   0.02073         0
     1/499      3.9G    0.1064   0.01992         0    0.1263        17       640         0         0 0.0008446 0.0001365   0.09603    0.0176         0
     2/499      3.9G   0.09512   0.01795         0    0.1131        11       640         0         0  0.001022 0.0004405   0.08251   0.01784         0
     3/499      3.9G   0.08727   0.01701         0    0.1043        18       640         0         0  0.004119 0.0008227   0.07557   0.01818         0
     4/499      3.9G    0.0797   0.01724         0   0.09693        12       640         0         0   0.01066  0.002386   0.07105   0.01829         0
     5/499      3.9G   0.07338   0.01661         0      0.09        18       640         1    0.0625    0.2202   0.04542   0.06869   0.01735         0
     6/499      3.9G   0.06799   0.01661         0    0.0846        16       640         0         0     0.113   0.02219   0.06562   0.01642         0
     7/499      3.9G   0.06163   0.01722         0   0.07884        20       640   0.02347  0.002934     0.508    0.1188   0.05431   0.01614         0
     8/499      3.9G   0.05783   0.01483         0   0.07266        12       640    0.2547    0.5625    0.4268    0.1329    0.0539   0.01476         0
     9/499      3.9G   0.05737   0.01457         0   0.07194        12       640    0.3152     0.662    0.4924    0.1134   0.05958   0.01283         0
    10/499      3.9G   0.05439   0.01238         0   0.06678        15       640    0.2968    0.6875    0.4922    0.1252   0.05752   0.01263         0
    11/499      3.9G   0.05334   0.01136         0   0.06471        18       640    0.3405         1    0.7046    0.2001   0.05324   0.01201         0
    12/499      3.9G   0.05259   0.01221         0    0.0648        20       640    0.1815    0.9375    0.2975    0.1043    0.0587    0.0107         0
    13/499      3.9G   0.05994   0.01074         0   0.07068        15       640    0.5568   0.08382    0.6009    0.1298   0.05261   0.01364         0
    14/499      3.9G   0.05825   0.01271         0   0.07096        14       640    0.5264    0.6252    0.6764     0.215   0.06394    0.0113         0
    15/499      3.9G   0.05881   0.01192         0   0.07074        14       640     0.401    0.9207    0.5053    0.1208   0.05231   0.01189         0
    16/499      3.9G   0.05389   0.01139         0   0.06528        11       640    0.5064    0.9375    0.8044    0.2827   0.05039     0.011         0
    17/499      3.9G   0.05152   0.01097         0   0.06249        16       640    0.7394    0.8125    0.8313    0.2695   0.04784   0.01143         0
    18/499      3.9G   0.05126   0.01119         0   0.06245        13       640    0.5579    0.7892    0.8188    0.3135   0.04732   0.01084         0
    19/499      3.9G    0.0486   0.01044         0   0.05904         9       640     0.321         1    0.6097    0.2614   0.05688  0.009188         0
    20/499      3.9G   0.04863    0.0103         0   0.05894        20       640    0.2337    0.8577    0.5168    0.1319   0.05316  0.009744         0
    21/499      3.9G   0.04883   0.00989         0   0.05872        14       640    0.7539     0.625    0.7286    0.2306   0.04939   0.01132         0
    22/499      3.9G   0.04903  0.009305         0   0.05833        12       640    0.5786    0.8125    0.7868    0.2477   0.04975  0.009967         0
    23/499      3.9G   0.05158  0.009663         0   0.06124        15       640    0.6271     0.875    0.8054    0.2678   0.04922  0.009028         0
    24/499      3.9G   0.04556   0.00821         0   0.05377        14       640    0.3478         1    0.7644    0.2742   0.04766  0.008741         0
    25/499      3.9G   0.04947  0.009104         0   0.05858        21       640    0.5627         1    0.8538    0.2289   0.04835   0.00892         0
    26/499      3.9G    0.0483  0.008077         0   0.05638        14       640    0.5806    0.9375    0.7133    0.2079   0.05538  0.008096         0
    27/499      3.9G   0.04553  0.008722         0   0.05426        17       640    0.5532    0.9375    0.9053    0.3918   0.04443  0.008748         0
    28/499      3.9G   0.04426   0.00815         0   0.05241        16       640     0.557         1    0.9023    0.2885   0.04291  0.008911         0
    29/499      3.9G   0.04284  0.007833         0   0.05068        16       640    0.5957         1    0.9479    0.4279    0.0412  0.007714         0
    30/499      3.9G   0.04311  0.007503         0   0.05062         9       640      0.56    0.9375    0.8249    0.3996    0.0433   0.00743         0
    31/499      3.9G   0.04303  0.007176         0    0.0502        18       640    0.3336      0.75    0.5432    0.1358   0.06277  0.007269         0
    32/499      3.9G   0.04783  0.008102         0   0.05594        17       640    0.5486    0.9375    0.7438    0.2884   0.04933  0.007901         0
    33/499      3.9G   0.04377  0.008177         0   0.05194        16       640    0.3452    0.9375    0.7252      0.22   0.05242  0.007037         0
    34/499      3.9G   0.04485  0.007716         0   0.05256        16       640    0.4693    0.9375    0.8929    0.3648   0.04259  0.007759         0
    35/499      3.9G   0.04413    0.0077         0   0.05183        21       640    0.3831      0.75    0.6818    0.2454   0.06151  0.007898         0
    36/499      3.9G   0.04209  0.007892         0   0.04998        13       640    0.3884     0.875    0.5709    0.2246   0.05141  0.007718         0
    37/499      3.9G   0.04136  0.007459         0   0.04882        18       640    0.6384     0.875    0.8018    0.3425   0.04397  0.007105         0
    38/499      3.9G    0.0404  0.007892         0   0.04829        15       640    0.4856         1    0.9352    0.3621   0.04405  0.007052         0
    39/499      3.9G   0.04535  0.006826         0   0.05217        10       640    0.4172         1    0.8559    0.2561   0.05078  0.007292         0
    40/499      3.9G   0.04252  0.007179         0    0.0497        10       640    0.6341         1    0.8978    0.3881   0.04375  0.007823         0
    41/499      3.9G    0.0463  0.007202         0    0.0535        11       640    0.7703         1    0.9443    0.3115   0.04195   0.00861         0
    42/499      3.9G   0.04444  0.007867         0   0.05231        12       640    0.7183         1    0.9561    0.4138    0.0412  0.007782         0
    43/499      3.9G    0.0453  0.007641         0   0.05294        14       640    0.7809         1    0.9883    0.5078   0.04029  0.007134         0
    44/499      3.9G   0.04066  0.007096         0   0.04775        13       640    0.6478    0.9375    0.9603    0.4396   0.04352  0.006139         0
    45/499      3.9G   0.04667  0.006868         0   0.05354        12       640    0.6638    0.9375    0.9029    0.4016   0.04071  0.007088         0
    46/499      3.9G   0.03926  0.007354         0   0.04662        15       640    0.3324         1    0.9759     0.444   0.03852  0.007881         0
    47/499      3.9G   0.04706  0.007332         0   0.05439        16       640    0.2836         1    0.8476    0.3342   0.04176  0.009701         0
    48/499      3.9G    0.0397  0.006968         0   0.04667        11       640    0.4403         1    0.9697    0.4245   0.03858  0.008168         0
    49/499      3.9G   0.04094  0.006786         0   0.04772        12       640    0.5364    0.9375    0.7154    0.2889   0.04203  0.009368         0
    50/499      3.9G   0.04004  0.007064         0   0.04711        14       640    0.5822         1    0.8804    0.2697   0.04993  0.006407         0
    51/499      3.9G   0.04108  0.006951         0   0.04803         8       640    0.4133     0.875    0.8575    0.2669   0.05233  0.006851         0
    52/499      3.9G   0.04356  0.007623         0   0.05118        17       640    0.3777     0.875    0.6681     0.185   0.05386  0.007353         0
    53/499      3.9G   0.04028  0.006767         0   0.04705         8       640    0.1618    0.3125    0.2053   0.04088   0.07385  0.006788         0
    54/499      3.9G   0.04365  0.006988         0   0.05064        19       640    0.5037    0.4375    0.3854      0.11   0.06079   0.01207         0
    55/499      3.9G   0.03795  0.007061         0   0.04501        12       640    0.5128    0.8125     0.801    0.2792   0.05152   0.00884         0
    56/499      3.9G   0.03965   0.00682         0   0.04647        11       640    0.5934      0.75     0.775    0.3589   0.05044  0.008943         0
    57/499      3.9G   0.04113  0.006825         0   0.04795        11       640    0.7506         1    0.9178    0.3823   0.03962  0.007606         0
    58/499      3.9G   0.04282  0.007497         0   0.05031        14       640    0.4962      0.75    0.6644    0.2782   0.04626  0.008888         0
    59/499      3.9G   0.04429  0.007092         0   0.05138        10       640    0.4218     0.875    0.7563     0.246   0.04887  0.008713         0
    60/499      3.9G   0.03934  0.006993         0   0.04633        15       640    0.2087         1    0.9204    0.3917   0.04129  0.008918         0
    61/499      3.9G   0.04008  0.006212         0    0.0463        10       640    0.6547    0.9375    0.8809    0.3436   0.03883   0.00786         0
    62/499      3.9G    0.0394  0.007097         0    0.0465        13       640    0.3383    0.9375    0.8696     0.497    0.0376  0.009167         0
    63/499      3.9G   0.03731  0.006745         0   0.04405        15       640    0.7497    0.9361    0.8837    0.3393    0.0521  0.007664         0
    64/499      3.9G   0.03999  0.007498         0   0.04748         8       640    0.3887         1    0.9265    0.3641   0.04065  0.007375         0
    65/499      3.9G   0.03976  0.007132         0    0.0469        12       640     0.489    0.5625    0.4436    0.1444   0.05742  0.009061         0
    66/499      3.9G   0.04934   0.00756         0    0.0569        15       640    0.6618    0.9375    0.8474    0.3826   0.04513   0.00912         0
    67/499      3.9G   0.04298   0.00794         0   0.05092        11       640    0.6137    0.9375    0.8587    0.3867   0.04309  0.009142         0
    68/499      3.9G   0.03918   0.00677         0   0.04595        13       640    0.1833     0.875     0.649    0.2783   0.05252   0.01112         0
    69/499      3.9G   0.04059  0.006948         0   0.04754        15       640    0.6595    0.8125    0.8314    0.3665   0.04635  0.008214         0
    70/499      3.9G   0.03982  0.007432         0   0.04725        17       640    0.4565    0.9375    0.9321    0.4255   0.04544  0.006358         0
    71/499      3.9G   0.03951  0.006701         0   0.04621         8       640    0.5449         1    0.9768    0.4833   0.03648   0.00635         0
    72/499      3.9G   0.03612   0.00692         0   0.04304        13       640    0.5604         1    0.9656    0.4396   0.03868  0.006878         0
    73/499      3.9G   0.03761  0.006117         0   0.04373         9       640    0.7075         1    0.9483     0.426   0.03974  0.008152         0
    74/499      3.9G   0.03511  0.007222         0   0.04234        13       640    0.5171     0.875     0.755    0.3668   0.04541  0.009202         0
    75/499      3.9G   0.04033  0.007027         0   0.04736        11       640    0.5592      0.75    0.7441     0.216   0.06005    0.0103         0
    76/499      3.9G   0.04024  0.007299         0   0.04754        14       640    0.6989     0.125    0.2103   0.09149   0.09788   0.01562         0
    77/499      3.9G    0.0349  0.006763         0   0.04167        14       640    0.6194         1    0.9126    0.4008    0.0409  0.007996         0
    78/499      3.9G    0.0399  0.005893         0   0.04579        11       640    0.6668    0.8755    0.8424    0.2923   0.04223   0.00811         0
    79/499      3.9G   0.03339  0.006521         0   0.03992        14       640    0.5412    0.9375    0.8509    0.3315   0.04911  0.007237         0
    80/499      3.9G   0.03552  0.006967         0   0.04249        12       640     0.675         1    0.9656    0.3901   0.04111  0.006507         0
    81/499      3.9G   0.03563  0.006065         0   0.04169        12       640    0.7557    0.9375     0.938    0.5069   0.03227  0.007345         0
    82/499      3.9G   0.03302  0.006661         0   0.03968        16       640      0.89         1    0.9768    0.5194   0.03275  0.005845         0
    83/499      3.9G   0.03355  0.005878         0   0.03943        14       640    0.8329     0.935     0.946    0.4469   0.03623  0.007239         0
    84/499      3.9G    0.0322  0.006214         0   0.03842        14       640     0.744         1    0.9486    0.4627   0.03847  0.006987         0
    85/499      3.9G   0.03457  0.005802         0   0.04038        13       640    0.8091         1    0.9803    0.4797   0.03714  0.007578         0
    86/499      3.9G   0.03333  0.006294         0   0.03962        16       640    0.6688         1    0.9846    0.5145   0.03613  0.006026         0
    87/499      3.9G   0.03851  0.005903         0   0.04441        13       640    0.7154    0.9375    0.9034    0.4508   0.03743  0.005686         0
    88/499      3.9G   0.03777  0.006324         0   0.04409         9       640    0.8408         1    0.9768    0.4495   0.03711  0.007298         0
    89/499      3.9G   0.03511   0.00613         0   0.04124        11       640    0.5073         1    0.9844    0.3501    0.0427  0.006494         0
    90/499      3.9G   0.03386  0.006604         0   0.04047        15       640    0.3964         1     0.995    0.4225    0.0384  0.006826         0
    91/499      3.9G   0.03697  0.006167         0   0.04314        10       640    0.4235         1    0.9879    0.4146   0.03885  0.006455         0
    92/499      3.9G     0.032  0.006121         0   0.03813        12       640    0.6155    0.9375    0.8525     0.387   0.04143  0.006214         0
    93/499      3.9G   0.03255  0.006359         0   0.03891        21       640    0.7251     0.875    0.9154    0.3561   0.04123   0.01107         0
    94/499      3.9G   0.03823  0.006122         0   0.04435        15       640    0.8645         1    0.9656    0.4964   0.03363  0.008142         0
    95/499      3.9G   0.03279  0.006488         0   0.03928        15       640     0.898         1    0.9656    0.4017   0.03862  0.005794         0
    96/499      3.9G   0.03614  0.005795         0   0.04194        11       640    0.5869    0.3566    0.3152     0.123    0.0726   0.01342         0
    97/499      3.9G   0.03472  0.006667         0   0.04139        15       640    0.7344      0.75    0.6578    0.2632   0.04802  0.009777         0
    98/499      3.9G   0.03037  0.005809         0   0.03617        16       640    0.4936         1    0.9803    0.5076    0.0359  0.006264         0
    99/499      3.9G   0.03361  0.006308         0   0.03991        12       640    0.6689         1    0.9443    0.4815   0.03611  0.006544         0
   100/499      3.9G   0.03208  0.006009         0   0.03809        14       640    0.6791         1    0.9438    0.4363   0.03965  0.006879         0
   101/499      3.9G   0.03535  0.006083         0   0.04143         9       640     0.792    0.9375    0.8682    0.4163    0.0384  0.007017         0
   102/499      3.9G    0.0316  0.005647         0   0.03724        19       640    0.8846    0.9375    0.9338    0.4864   0.03751  0.007766         0
   103/499      3.9G   0.03508  0.006021         0    0.0411         5       640    0.7898         1    0.9474    0.4361   0.03894  0.006587         0
   104/499      3.9G   0.03509  0.006355         0   0.04144        19       640    0.7843         1    0.9697    0.4758   0.03444  0.005886         0
   105/499      3.9G   0.03443  0.005701         0   0.04013        11       640    0.5966     0.875    0.6626    0.2534   0.04944  0.006215         0
   106/499      3.9G   0.03243  0.006203         0   0.03864        11       640    0.5896         1    0.9803    0.4678   0.03806  0.006105         0
   107/499      3.9G   0.03326  0.006177         0   0.03943        19       640    0.6898    0.9375    0.8811    0.3874   0.04101  0.006111         0
   108/499      3.9G   0.03022   0.00588         0    0.0361        16       640    0.8908         1    0.9879    0.4455   0.03817  0.006332         0
   109/499      3.9G    0.0315  0.005358         0   0.03685        18       640    0.8109         1    0.9656    0.3671   0.04117  0.005704         0
   110/499      3.9G   0.02942   0.00591         0   0.03533        14       640    0.7631         1    0.9915    0.3907   0.04017  0.005706         0
   111/499      3.9G    0.0279  0.005771         0   0.03367        10       640    0.7388         1     0.995     0.389   0.03981  0.005686         0
   112/499      3.9G   0.03274  0.005453         0    0.0382        17       640    0.8193         1     0.969    0.3978   0.04291  0.006575         0
   113/499      3.9G   0.03049  0.006525         0   0.03702        15       640    0.7742    0.9375      0.91    0.3704   0.04069  0.006087         0
   114/499      3.9G   0.03147  0.005274         0   0.03675        12       640    0.6994     0.875    0.8092    0.3504   0.04347    0.0069         0
   115/499      3.9G   0.03183  0.005597         0   0.03743        12       640    0.7859         1    0.9803    0.5221   0.03632  0.005847         0
   116/499      3.9G   0.03648  0.005676         0   0.04215        10       640    0.7346    0.9375    0.8802    0.3609   0.04066  0.006489         0
   117/499      3.9G    0.0301  0.005982         0   0.03609        15       640    0.6769         1    0.9844    0.4847   0.03729  0.006145         0
   118/499      3.9G   0.03081   0.00602         0   0.03683        20       640    0.8021         1    0.9915    0.4924   0.03492  0.005878         0
   119/499      3.9G   0.03142  0.005096         0   0.03652        19       640    0.8165    0.6875     0.702    0.3189   0.05468   0.01196         0
   120/499      3.9G   0.02877  0.005492         0   0.03426        14       640    0.7898         1    0.9915    0.5261   0.03733  0.006966         0
   121/499      3.9G   0.02872  0.005816         0   0.03453        15       640    0.6154         1    0.9915     0.401   0.04058  0.005885         0
   122/499      3.9G   0.02955  0.005732         0   0.03529        10       640    0.7622         1    0.9732    0.4494    0.0399  0.006144         0
   123/499      3.9G   0.03297  0.005612         0   0.03859        10       640    0.7741    0.9375    0.8582    0.3643   0.04368  0.009297         0
   124/499      3.9G   0.02838  0.005723         0   0.03411        13       640    0.4879         1    0.9415    0.4096   0.03754  0.006747         0
   125/499      3.9G   0.02652  0.005088         0   0.03161        14       640    0.6839         1    0.9656     0.482   0.03338  0.005494         0
   126/499      3.9G   0.02841  0.005262         0   0.03367        16       640     0.871         1    0.9768    0.5167   0.03205  0.005257         0
   127/499      3.9G   0.02846  0.005677         0   0.03414        12       640    0.8069         1    0.9844    0.5255   0.03187  0.005339         0
   128/499      3.9G   0.02817  0.005161         0   0.03333        11       640    0.7562         1    0.9656    0.3804   0.04029  0.005923         0
   129/499      3.9G   0.02867  0.005197         0   0.03386        16       640    0.5987         1    0.9732    0.4734   0.03578  0.006151         0
   130/499      3.9G   0.02724  0.005027         0   0.03227        16       640    0.5551         1    0.9844    0.4166   0.03864  0.006129         0
   131/499      3.9G    0.0334  0.005162         0   0.03856        10       640    0.7616         1     0.995    0.4872   0.03787  0.006226         0
   132/499      3.9G   0.03037  0.006156         0   0.03652        19       640    0.7632         1     0.995    0.4539   0.03568   0.00588         0
   133/499      3.9G   0.03008  0.005263         0   0.03534        14       640    0.6027    0.9375    0.9253    0.3326   0.04483  0.006108         0
   134/499      3.9G   0.02668   0.00478         0   0.03146        11       640    0.6266     0.875      0.88    0.3414   0.04915  0.008521         0
   135/499      3.9G   0.02735  0.005136         0   0.03249        14       640    0.8823    0.9371     0.885    0.4032   0.03972  0.006837         0
   136/499      3.9G   0.02759  0.005178         0   0.03277        11       640    0.6893         1    0.9915    0.4772   0.03743  0.005765         0
   137/499      3.9G   0.02781  0.005346         0   0.03316        14       640    0.6281    0.9375    0.9498     0.487   0.03613  0.005894         0
   138/499      3.9G    0.0279  0.005821         0   0.03373        18       640    0.9028         1    0.9621    0.4591   0.03873   0.00714         0
   139/499      3.9G   0.03277  0.005161         0   0.03793        14       640    0.7768     0.875    0.9018    0.4806   0.03705   0.00682         0
   140/499      3.9G   0.02899   0.00611         0    0.0351        16       640    0.8872    0.9375    0.9332    0.4673   0.03792  0.007072         0
   141/499      3.9G   0.02558  0.004862         0   0.03044         9       640    0.8315         1    0.9656    0.4717   0.03825  0.005907         0
   142/499      3.9G   0.02699  0.005465         0   0.03246        13       640    0.7457         1    0.9844    0.4865   0.03437  0.005668         0
   143/499      3.9G   0.02924  0.005405         0   0.03464        14       640    0.6209    0.9375    0.9304    0.5212   0.03502  0.006177         0
   144/499      3.9G   0.02674  0.005336         0   0.03208        12       640    0.6592         1     0.995    0.5042   0.03538   0.00609         0
   145/499      3.9G   0.02977  0.005204         0   0.03497        17       640    0.7899    0.9375    0.8954    0.4026   0.04102  0.005866         0
   146/499      3.9G   0.02825  0.005356         0    0.0336        15       640    0.8805         1     0.995     0.513   0.03275  0.005357         0
   147/499      3.9G   0.02881  0.005008         0   0.03382        14       640    0.7499         1    0.9879    0.5016    0.0332  0.005453         0
   148/499      3.9G   0.02715  0.005159         0   0.03231        14       640    0.8102         1    0.9768    0.4741   0.03402  0.006084         0
   149/499      3.9G   0.02648  0.005602         0   0.03208        11       640    0.7807         1    0.9633    0.4799   0.03544  0.006363         0
   150/499      3.9G   0.02947  0.005137         0   0.03461         5       640    0.7252     0.875     0.908    0.3892   0.03706  0.007861         0
   151/499      3.9G    0.0263  0.005115         0   0.03142        17       640    0.6156     0.875    0.8812    0.4048   0.03769  0.008008         0
   152/499      3.9G   0.02563  0.004953         0   0.03059        12       640    0.6817     0.875    0.8826    0.4464   0.03415  0.008073         0
   153/499      3.9G   0.02564   0.00484         0   0.03048        13       640    0.7069         1    0.9506    0.5481   0.03161  0.006115         0
   154/499      3.9G    0.0249  0.004684         0   0.02958        16       640    0.8989         1    0.9768    0.5838   0.02805  0.006404         0
   155/499      3.9G   0.02822  0.005333         0   0.03356        16       640    0.8436         1    0.9732    0.5253   0.03001  0.005992         0
   156/499      3.9G    0.0258  0.005129         0   0.03093        20       640    0.9372    0.9327    0.9555    0.5524   0.03062   0.00747         0
   157/499      3.9G    0.0274  0.005004         0   0.03241        10       640     0.664    0.9885    0.9363    0.4503   0.03281  0.007716         0
   158/499      3.9G   0.02602  0.004421         0   0.03044        10       640    0.7358         1    0.9697    0.5569   0.03014   0.00568         0
   159/499      3.9G   0.02661  0.004949         0   0.03156         8       640    0.8081         1    0.9879     0.534   0.03147  0.004971         0
   160/499      3.9G    0.0243  0.004668         0   0.02896        12       640    0.6889         1    0.9732    0.5382   0.03209  0.005033         0
   161/499      3.9G   0.02582  0.004397         0   0.03022        10       640    0.8062         1    0.9585     0.455   0.03607  0.005385         0
   162/499      3.9G   0.02433  0.004829         0   0.02916        17       640    0.8919         1    0.9732    0.4867   0.03453  0.005506         0
   163/499      3.9G   0.02615  0.004731         0   0.03088        11       640    0.8806         1    0.9697    0.4434   0.03781  0.005978         0
   164/499      3.9G    0.0288  0.005248         0   0.03405        15       640    0.8655         1    0.9768    0.5044   0.03529  0.006336         0
   165/499      3.9G   0.02491  0.005309         0   0.03022        15       640    0.7811         1    0.9732    0.4875   0.03513  0.005718         0
   166/499      3.9G   0.02612  0.004642         0   0.03076        14       640    0.7495         1    0.9768    0.4706    0.0365   0.00559         0
   167/499      3.9G   0.02506  0.004912         0   0.02997        15       640    0.7063         1    0.9915    0.5136   0.03542  0.005624         0
   168/499      3.9G   0.02495  0.004294         0   0.02925        16       640    0.6073         1    0.9915    0.5949   0.03153  0.005405         0
   169/499      3.9G   0.02499  0.004743         0   0.02973        12       640    0.7104         1    0.9915    0.4769   0.03562  0.005058         0
   170/499      3.9G   0.02633  0.004686         0   0.03102        12       640    0.8563         1    0.9915     0.549    0.0328  0.005062         0
   171/499      3.9G   0.02523  0.005002         0   0.03023        13       640    0.8956         1     0.995    0.5612   0.03325  0.005353         0
   172/499      3.9G   0.02455  0.004427         0   0.02898        18       640    0.8789         1     0.995    0.5404   0.03338  0.005877         0
   173/499      3.9G   0.02424  0.004828         0   0.02907        18       640    0.7617     0.875    0.8824    0.4102   0.04237  0.006905         0
   174/499      3.9G   0.02373  0.004705         0   0.02844        13       640    0.7237     0.875    0.8257    0.3975     0.041   0.00645         0
   175/499      3.9G   0.02559  0.004555         0   0.03014        13       640    0.8149         1     0.995    0.5942   0.03134  0.005292         0
   176/499      3.9G   0.02624   0.00453         0   0.03077        14       640    0.7463         1     0.995    0.5764   0.03346   0.00544         0
   177/499      3.9G    0.0251  0.004852         0   0.02995        12       640    0.7279         1    0.9915    0.5277   0.03492  0.005647         0
   178/499      3.9G   0.02397    0.0051         0   0.02907        14       640    0.5017         1     0.995    0.4777   0.03837  0.005911         0
   179/499      3.9G   0.02486   0.00442         0   0.02928        13       640    0.6715         1     0.995    0.4591   0.04012  0.006147         0
   180/499      3.9G   0.02638  0.004777         0   0.03116        14       640    0.8971         1    0.9915    0.4789   0.03675  0.005871         0
   181/499      3.9G   0.02271  0.004608         0   0.02732         7       640    0.8902         1    0.9844    0.5362   0.03484  0.005377         0
   182/499      3.9G    0.0219  0.004376         0   0.02627        14       640    0.8177         1    0.9365    0.4619   0.03594  0.005823         0
   183/499      3.9G   0.02475  0.004797         0   0.02954        15       640    0.7587    0.9375    0.9075    0.3772   0.03903  0.005912         0
   184/499      3.9G   0.02873  0.004703         0   0.03343        12       640    0.8631         1    0.9585    0.3663   0.04295   0.00608         0
   185/499      3.9G   0.02561   0.00454         0   0.03015        17       640    0.8435    0.9375    0.9275    0.3913   0.04161  0.005964         0
   186/499      3.9G   0.02513  0.005188         0   0.03032         9       640    0.7495     0.875    0.8762    0.3732   0.04471  0.006835         0
   187/499      3.9G   0.02263  0.004401         0   0.02703        13       640    0.7999    0.9375    0.8941    0.3844   0.04325  0.005925         0
   188/499      3.9G   0.02218  0.004377         0   0.02656        14       640    0.8854    0.9375    0.9618    0.4719   0.04025  0.006423         0
   189/499      3.9G   0.02699  0.004216         0    0.0312        10       640    0.8331    0.8125     0.815    0.3252   0.04978  0.007335         0
   190/499      3.9G   0.02473    0.0049         0   0.02963        16       640    0.8278         1     0.995    0.5506   0.03126    0.0051         0
   191/499      3.9G   0.02492  0.004719         0   0.02964        21       640    0.8019         1     0.995    0.4863   0.03496  0.005316         0
   192/499      3.9G   0.02514  0.004707         0   0.02985        16       640    0.6331         1     0.995    0.4748   0.03609  0.005492         0
   193/499      3.9G   0.02349   0.00432         0   0.02781         9       640    0.7549    0.9375    0.9275    0.4487   0.03803   0.00553         0
   194/499      3.9G   0.02428  0.005041         0   0.02932        12       640    0.8051         1    0.9879    0.4384   0.03657  0.005545         0
   195/499      3.9G   0.02615  0.004197         0   0.03034        15       640    0.8337     0.875    0.9264    0.4876   0.03389  0.007504         0
   196/499      3.9G   0.02335   0.00472         0   0.02807        13       640     0.884     0.875     0.882    0.4637    0.0369  0.008346         0
   197/499      3.9G   0.02549   0.00437         0   0.02986        14       640    0.9367     0.875      0.92    0.4546   0.03691  0.007889         0
   198/499      3.9G   0.02221  0.004105         0   0.02632        10       640    0.8919    0.9375    0.9444    0.4329   0.03902  0.007765         0
   199/499      3.9G   0.02335  0.004361         0   0.02771         6       640    0.8095     0.875      0.88    0.4293   0.03942  0.007919         0
   200/499      3.9G   0.02541  0.004632         0   0.03004        11       640      0.88    0.9375    0.9279    0.4436   0.03854  0.008656         0
   201/499      3.9G    0.0238  0.004796         0   0.02859        13       640     0.825     0.875    0.8663    0.4574   0.03706   0.01031         0
   202/499      3.9G   0.02071  0.004347         0   0.02506        17       640    0.8203     0.875     0.871    0.4273   0.03924  0.009313         0
   203/499      3.9G   0.02225  0.004378         0   0.02662        11       640    0.7941     0.875    0.9393     0.464   0.03668  0.007325         0
   204/499      3.9G    0.0269  0.004365         0   0.03127         9       640    0.6869     0.875    0.8399    0.4608   0.03967  0.005698         0
   205/499      3.9G   0.02219   0.00416         0   0.02635        12       640    0.6641    0.9375    0.9414    0.4938   0.03733  0.005338         0
   206/499      3.9G   0.02283  0.004339         0   0.02717        10       640    0.8527         1    0.9844    0.5257   0.03381    0.0053         0
   207/499      3.9G   0.02138  0.004456         0   0.02583        12       640    0.9159         1    0.9879    0.4562   0.03858  0.005825         0
   208/499      3.9G   0.02194  0.004471         0   0.02641        17       640    0.8396    0.9375    0.9284    0.4641   0.03581  0.005554         0
   209/499      3.9G   0.02327  0.004364         0   0.02763        16       640     0.806    0.9375    0.8965    0.3951   0.04024  0.005902         0
   210/499      3.9G   0.02283  0.004337         0   0.02717        12       640    0.8953         1    0.9844    0.4494    0.0352  0.006035         0
   211/499      3.9G   0.02379  0.004354         0   0.02814        15       640    0.8942         1    0.9915    0.5184   0.03205   0.00554         0
   212/499      3.9G   0.02333  0.004548         0   0.02788        13       640    0.8832         1    0.9803    0.5508   0.03066  0.005694         0
   213/499      3.9G   0.02192  0.004651         0   0.02657        13       640    0.7295         1     0.995    0.4729   0.03572  0.005545         0
   214/499      3.9G   0.02207  0.004149         0   0.02622        12       640    0.8349    0.9375    0.9468    0.4172   0.04021  0.006219         0
   215/499      3.9G   0.02254  0.004249         0   0.02679        12       640    0.9358    0.9121    0.9275    0.4415   0.03856  0.007716         0
   216/499      3.9G   0.02123  0.004103         0   0.02534        17       640    0.8957         1     0.995    0.4873   0.03681  0.005781         0
   217/499      3.9G   0.02268  0.004279         0   0.02696        16       640     0.824         1    0.9915    0.4741   0.03838  0.005511         0
   218/499      3.9G   0.02285  0.004383         0   0.02723        13       640    0.8379         1     0.995    0.5148   0.03483  0.005351         0
   219/499      3.9G   0.02125  0.004585         0   0.02584        16       640    0.9001         1     0.995    0.5108   0.03498  0.005132         0
   220/499      3.9G    0.0218  0.004344         0   0.02614        10       640    0.9013         1     0.995    0.5134   0.03517  0.005296         0
   221/499      3.9G   0.02074  0.004001         0   0.02474         7       640    0.8848    0.9375    0.9376    0.4613   0.03959  0.005355         0
   222/499      3.9G   0.02082  0.004518         0   0.02534        15       640    0.8729    0.9375    0.9347    0.4774   0.03763  0.005696         0
   223/499      3.9G   0.02176  0.004414         0   0.02617        14       640    0.8515         1     0.995    0.4995   0.03597  0.005258         0
   224/499      3.9G   0.02323  0.004065         0   0.02729        16       640    0.8396    0.9375    0.9009    0.3986    0.0391  0.006293         0
   225/499      3.9G   0.02053  0.004336         0   0.02486        16       640    0.8442         1    0.9915    0.4163   0.03879   0.00602         0
   226/499      3.9G   0.02087  0.004262         0   0.02513        17       640    0.7913    0.9375    0.9767    0.4212   0.03696   0.00614         0
   227/499      3.9G   0.02281  0.004116         0   0.02692        13       640      0.67      0.75    0.7369    0.3881   0.03715  0.007813         0
   228/499      3.9G   0.02166  0.004384         0   0.02605        13       640    0.7673    0.8125     0.825    0.3891    0.0377  0.008233         0
   229/499      3.9G   0.02302  0.004391         0   0.02741        13       640    0.7549    0.8125    0.8265    0.3806   0.04089  0.009219         0
   230/499      3.9G   0.02135  0.004601         0   0.02595        13       640    0.7346    0.8125    0.8461    0.4366   0.03783  0.007906         0
   231/499      3.9G   0.02148  0.004471         0   0.02595        11       640    0.7651    0.8125    0.8352    0.4044   0.04016  0.007648         0
   232/499      3.9G   0.02123   0.00427         0    0.0255        12       640     0.794    0.9375    0.8796    0.3944   0.04071  0.005948         0
   233/499      3.9G   0.02053  0.004223         0   0.02475         9       640    0.7916    0.9375    0.8852    0.3882   0.04065  0.005865         0
   234/499      3.9G   0.02106   0.00408         0   0.02514        12       640    0.7165    0.9375    0.8917    0.4465   0.03794  0.005751         0
   235/499      3.9G   0.01919   0.00409         0   0.02328        13       640    0.7307    0.9375     0.889    0.4418   0.03879  0.005966         0
   236/499      3.9G   0.01972  0.004082         0    0.0238        11       640    0.6948    0.8125    0.7616     0.381    0.0417  0.006167         0
   237/499      3.9G   0.02005  0.004276         0   0.02432         9       640    0.9403    0.9375    0.9734    0.4399   0.03787  0.006759         0
   238/499      3.9G   0.02005  0.004575         0   0.02462        17       640    0.8363     0.875    0.8657    0.4235   0.03733  0.007788         0
   239/499      3.9G   0.01977   0.00396         0   0.02373         9       640    0.9257         1    0.9879    0.4119   0.03746  0.006843         0
   240/499      3.9G   0.02239  0.004098         0   0.02649        11       640    0.9399     0.978    0.9879     0.447   0.03817  0.006477         0
   241/499      3.9G   0.02293  0.004544         0   0.02748        17       640    0.9386    0.9563    0.9879    0.3899   0.03979  0.006528         0
   242/499      3.9G   0.02098  0.003963         0   0.02494        14       640    0.8242         1    0.9915    0.4211   0.03924  0.005481         0
   243/499      3.9G   0.01991  0.003926         0   0.02383        11       640    0.8433         1     0.995    0.4583   0.03715  0.005178         0
   244/499      3.9G   0.02138  0.004026         0    0.0254        13       640    0.8592         1     0.995    0.4864   0.03656  0.005017         0
   245/499      3.9G   0.02102  0.004365         0   0.02538        12       640    0.8359         1     0.995    0.4728   0.03716  0.005241         0
   246/499      3.9G   0.01988  0.004021         0    0.0239        15       640    0.8688    0.9375      0.94    0.4801   0.03734   0.00526         0
   247/499      3.9G   0.01968  0.004192         0   0.02388        12       640    0.9033         1     0.995    0.4687    0.0373   0.00534         0
   248/499      3.9G    0.0202  0.004455         0   0.02466        23       640    0.9401         1     0.995    0.4093   0.03864  0.005483         0
   249/499      3.9G    0.0198  0.004084         0   0.02389        12       640    0.9024         1     0.995    0.4711   0.03686  0.005192         0
   250/499      3.9G   0.01999  0.004204         0    0.0242         7       640    0.8842    0.9375     0.977    0.4241   0.04091  0.006672         0
   251/499      3.9G   0.01966  0.004073         0   0.02374        19       640    0.8895     0.875    0.9532    0.4466   0.03786  0.007504         0
   252/499      3.9G   0.01879  0.003816         0   0.02261        14       640    0.8138      0.75    0.7606    0.4019   0.04036  0.009411         0
   253/499      3.9G    0.0193  0.003811         0   0.02311        14       640    0.9202         1    0.9915    0.5018   0.03556  0.006216         0
   254/499      3.9G    0.0197  0.003697         0    0.0234        11       640    0.9415    0.9375    0.9641    0.5126    0.0347  0.006901         0
   255/499      3.9G    0.0208  0.004015         0   0.02481        12       640    0.9464         1     0.995    0.4799    0.0365    0.0061         0
   256/499      3.9G    0.0202  0.003676         0   0.02388        12       640    0.8835    0.9375    0.9313    0.4444     0.038  0.005599         0
   257/499      3.9G   0.02019  0.004616         0   0.02481        14       640    0.7911         1     0.995     0.416   0.04047  0.005821         0
   258/499      3.9G   0.01897  0.004319         0   0.02329        17       640    0.7315         1     0.995    0.4595    0.0371  0.005401         0
   259/499      3.9G   0.01883  0.004073         0    0.0229        18       640    0.8703         1    0.9883    0.4654    0.0365  0.005969         0
   260/499      3.9G   0.01784  0.003771         0   0.02162         8       640    0.7791    0.8819     0.966    0.4522   0.03663  0.006087         0
   261/499      3.9G   0.01931  0.004357         0   0.02366         9       640    0.7704    0.8398    0.8807    0.4436   0.03832  0.007189         0
   262/499      3.9G   0.01889  0.003893         0   0.02278        16       640    0.8673    0.8125    0.8765    0.4075   0.03863  0.007701         0
   263/499      3.9G   0.01857  0.003891         0   0.02246        15       640    0.8408    0.8125    0.8607    0.4203   0.03905  0.007339         0
   264/499      3.9G    0.0184  0.004026         0   0.02243        14       640    0.9372     0.875    0.9497     0.431   0.03702  0.007655         0
   265/499      3.9G   0.01917  0.003937         0   0.02311         8       640    0.9777         1     0.995    0.4356   0.03811  0.006278         0
   266/499      3.9G   0.01799   0.00431         0    0.0223        16       640     0.947         1     0.995     0.432   0.03807  0.005454         0
   267/499      3.9G   0.02142  0.004119         0   0.02554        13       640    0.8183         1     0.995    0.4684    0.0367  0.005373         0
   268/499      3.9G   0.01797  0.004034         0   0.02201        16       640    0.6947         1     0.995    0.4644   0.03694  0.005536         0
   269/499      3.9G   0.01822  0.003786         0   0.02201         7       640    0.7473         1     0.995    0.4703   0.03691  0.005118         0
   270/499      3.9G   0.01787  0.003553         0   0.02143        12       640    0.8985         1     0.995    0.4736   0.03793  0.005131         0
   271/499      3.9G     0.019  0.004222         0   0.02322        16       640    0.9427         1     0.995    0.3886   0.04131  0.005479         0
   272/499      3.9G   0.02185  0.003981         0   0.02583        15       640    0.8863     0.875    0.8886    0.4321   0.03699  0.008841         0
   273/499      3.9G   0.02162  0.003899         0   0.02552        12       640     0.882     0.875     0.886    0.4481    0.0363  0.008912         0
   274/499      3.9G   0.01976  0.004115         0   0.02388        13       640    0.8577     0.875    0.9133    0.4369   0.03636   0.00844         0
   275/499      3.9G   0.01856  0.003992         0   0.02255        13       640    0.8611     0.875    0.9433    0.4671   0.03481  0.007816         0
   276/499      3.9G   0.01848  0.004236         0   0.02272        15       640         1    0.9372    0.9883     0.433   0.03862  0.006701         0
   277/499      3.9G   0.02013  0.004084         0   0.02422        16       640    0.7961     0.875    0.8682    0.4351   0.03933  0.005544         0
   278/499      3.9G    0.0189  0.003597         0   0.02249        11       640    0.8994         1     0.995    0.4838   0.03592  0.005043         0
   279/499      3.9G   0.01853  0.003845         0   0.02237        11       640    0.8804         1     0.995     0.492    0.0364   0.00528         0
   280/499      3.9G   0.01937  0.003891         0   0.02326        11       640    0.8776         1     0.995    0.4947   0.03614  0.005295         0
   281/499      3.9G   0.02028   0.00376         0   0.02404        13       640    0.8991         1     0.995    0.4984   0.03507  0.005565         0
   282/499      3.9G   0.01817    0.0039         0   0.02207        14       640    0.9047         1    0.9915    0.5121   0.03569  0.005691         0
   283/499      3.9G   0.01755  0.003811         0   0.02136        16       640     0.935         1     0.995     0.497   0.03642   0.00558         0
   284/499      3.9G   0.01798  0.003865         0   0.02184        17       640    0.9599         1     0.995    0.4761   0.03782  0.005761         0
   285/499      3.9G    0.0191   0.00343         0   0.02253        12       640    0.9157         1     0.995    0.4616   0.03837  0.005531         0
   286/499      3.9G   0.01882    0.0034         0   0.02222         8       640    0.8835         1     0.995    0.5042   0.03643   0.00529         0
   287/499      3.9G   0.01734  0.003659         0     0.021         9       640    0.9152         1     0.995    0.5044   0.03524  0.005212         0
   288/499      3.9G   0.01911  0.003463         0   0.02257        15       640    0.9114         1     0.995    0.4862   0.03511  0.005247         0
   289/499      3.9G   0.01731  0.003765         0   0.02108        11       640    0.8963         1     0.995    0.4692   0.03575  0.005329         0
   290/499      3.9G   0.01813  0.003794         0   0.02192         5       640    0.8898         1     0.995    0.4841   0.03639  0.005227         0
   291/499      3.9G   0.01774  0.003618         0   0.02136        10       640    0.8867         1     0.995    0.5111   0.03656  0.004923         0
   292/499      3.9G    0.0183  0.003617         0   0.02192        14       640    0.8992         1     0.995     0.508   0.03433  0.004899         0
   293/499      3.9G   0.01717  0.003555         0   0.02072        15       640    0.6757    0.9375    0.9403    0.4876   0.03488   0.00506         0
   294/499      3.9G   0.01805  0.003959         0   0.02201        16       640    0.7337         1     0.995    0.5008   0.03544  0.005154         0
   295/499      3.9G   0.01652  0.003527         0   0.02005        14       640    0.7676         1    0.9915    0.4774   0.03567  0.005728         0
   296/499      3.9G   0.01749  0.003703         0   0.02119        11       640    0.7835    0.9375    0.9565    0.4826   0.03648  0.006349         0
   297/499      3.9G   0.01702  0.003365         0   0.02038         7       640    0.7873    0.9375    0.9252    0.4298   0.03952  0.007797         0
   298/499      3.9G   0.01769  0.003579         0   0.02127         8       640    0.7721    0.8125    0.8353    0.4243   0.04096  0.008902         0
   299/499      3.9G   0.01864  0.003967         0   0.02261        17       640    0.7515      0.75    0.7956    0.4345   0.04011  0.008363         0
   300/499      3.9G   0.01702  0.003634         0   0.02066        12       640    0.8227    0.8701    0.8725    0.4559   0.03901  0.007443         0
   301/499      3.9G   0.01682  0.003862         0   0.02068        13       640    0.8922    0.9375    0.9786    0.4709    0.0374  0.006588         0
   302/499      3.9G    0.0182   0.00362         0   0.02182        16       640    0.8811         1     0.995    0.4422   0.04047  0.005595         0
   303/499      3.9G   0.01753  0.003586         0   0.02112        14       640    0.8599         1     0.995    0.4743   0.03792  0.005463         0
   304/499      3.9G    0.0185  0.003715         0   0.02221        12       640    0.8719         1    0.9915    0.4713   0.03767  0.005889         0
   305/499      3.9G   0.01758  0.003284         0   0.02086        15       640    0.9321    0.9375    0.9491    0.4616   0.03803  0.006894         0
   306/499      3.9G   0.01717  0.003931         0    0.0211        16       640    0.9025    0.9375    0.9429    0.4877   0.03675  0.006946         0
   307/499      3.9G   0.01603  0.003534         0   0.01956        12       640    0.8903    0.9375    0.9423    0.4984   0.03497  0.006863         0
   308/499      3.9G   0.01637  0.003432         0    0.0198        12       640    0.9049    0.9375    0.9275    0.4517   0.03635   0.00722         0
   309/499      3.9G   0.01682   0.00384         0   0.02066        12       640    0.8414     0.875    0.9179    0.4634   0.03709  0.007612         0
   310/499      3.9G   0.01682  0.003732         0   0.02056        20       640    0.9351    0.9015    0.9508    0.5131   0.03586  0.006589         0
   311/499      3.9G   0.01723  0.003358         0   0.02059        10       640    0.9743         1     0.995    0.5464   0.03444  0.006045         0
   312/499      3.9G   0.01664  0.003677         0   0.02032         6       640    0.9608         1     0.995    0.5349    0.0353  0.005823         0
   313/499      3.9G   0.01659  0.003528         0   0.02012        18       640    0.9513         1     0.995    0.5277   0.03465  0.005413         0
   314/499      3.9G   0.01772  0.003673         0    0.0214         7       640    0.8658         1     0.995    0.5168   0.03633    0.0054         0
   315/499      3.9G   0.01612  0.003571         0    0.0197        13       640    0.7946         1    0.9915    0.4867   0.03766  0.005889         0
   316/499      3.9G    0.0171  0.003376         0   0.02048        12       640    0.8922     0.875    0.9759    0.4543   0.03764  0.007353         0
   317/499      3.9G   0.01719  0.003501         0   0.02069        15       640    0.8715    0.8125     0.863    0.4362   0.03665  0.008005         0
   318/499      3.9G   0.01619  0.003566         0   0.01975        17       640    0.8448     0.875    0.8867    0.4624   0.03698  0.007748         0
   319/499      3.9G   0.01829  0.003528         0   0.02182        13       640    0.8992     0.875     0.911    0.4528    0.0383  0.007151         0
   320/499      3.9G   0.01618  0.003453         0   0.01963        15       640    0.9211         1     0.995    0.4511   0.03758  0.005647         0
   321/499      3.9G   0.01573  0.003593         0   0.01932        15       640    0.8558         1     0.995    0.4314   0.04006  0.005713         0
   322/499      3.9G   0.01572  0.003176         0   0.01889        12       640    0.7374    0.9375    0.9134    0.4569   0.03938  0.005878         0
   323/499      3.9G   0.01692  0.003726         0   0.02064        12       640    0.7829    0.9375       0.9    0.4304   0.03969  0.006094         0
   324/499      3.9G   0.01772  0.003628         0   0.02135        15       640    0.9307         1     0.995    0.4929    0.0383  0.005868         0
   325/499      3.9G   0.01653   0.00371         0   0.02024         9       640    0.7806         1     0.995    0.4876   0.03598  0.005484         0
   326/499      3.9G   0.01698  0.003103         0   0.02008        11       640     0.671    0.9375    0.9275    0.4964   0.03615  0.005392         0
   327/499      3.9G   0.01754   0.00351         0   0.02105        11       640    0.8426         1     0.995    0.5171   0.03546  0.005639         0
   328/499      3.9G   0.01664  0.003555         0    0.0202        11       640    0.8656         1    0.9915    0.4889   0.03692  0.005734         0
   329/499      3.9G   0.01579  0.003219         0   0.01901         9       640    0.8746    0.9375    0.9559    0.4697   0.03886  0.006379         0
   330/499      3.9G   0.01504  0.003791         0   0.01883        21       640    0.9375     0.875    0.9176    0.4354   0.03933  0.007919         0
   331/499      3.9G   0.01584  0.003494         0   0.01933        13       640     0.937     0.875    0.9095    0.4522   0.03779  0.008492         0
   332/499      3.9G   0.01637  0.003559         0   0.01992        15       640    0.9341     0.875      0.92    0.4573   0.03594  0.008556         0
   333/499      3.9G   0.01551  0.003457         0   0.01897        11       640    0.9247    0.9375    0.9313    0.4457   0.03631  0.008369         0
   334/499      3.9G   0.01665  0.003378         0   0.02003         7       640    0.9398    0.9375     0.935    0.4905   0.03562  0.008383         0
   335/499      3.9G   0.01562  0.003153         0   0.01877         8       640    0.9388    0.9375     0.935    0.4917   0.03548  0.007743         0
   336/499      3.9G    0.0176   0.00345         0   0.02105        19       640    0.8671    0.8125    0.8828    0.4406   0.03819  0.007691         0
   337/499      3.9G   0.01642  0.003473         0   0.01989        15       640     0.934     0.875    0.9879    0.5023   0.03652  0.006958         0
   338/499      3.9G   0.01638  0.003437         0   0.01982        14       640    0.9171         1     0.995    0.5337   0.03561  0.005882         0
   339/499      3.9G    0.0153  0.003267         0   0.01857        25       640    0.8991         1     0.995    0.5466    0.0347  0.005491         0
   340/499      3.9G   0.01511  0.003184         0   0.01829        14       640    0.8369    0.9375    0.9422    0.5403   0.03506  0.005565         0
   341/499      3.9G   0.01549  0.003596         0   0.01909        14       640    0.8843         1     0.995    0.5196   0.03624  0.005826         0
   342/499      3.9G   0.01636  0.004185         0   0.02054        14       640    0.8514     0.875    0.9011    0.4813   0.03748  0.006902         0
   343/499      3.9G   0.01493  0.003603         0   0.01853        15       640    0.8969     0.875    0.9479     0.467   0.03827  0.007187         0
   344/499      3.9G   0.01552   0.00353         0   0.01905         9       640    0.7784     0.875     0.879    0.4263   0.04018  0.006995         0
   345/499      3.9G   0.01517  0.003717         0   0.01889        15       640    0.8316    0.9375    0.9239    0.4804   0.03789  0.008223         0
   346/499      3.9G   0.01554  0.003514         0   0.01905        11       640    0.8483    0.8125    0.8523    0.4808   0.03468   0.01065         0
   347/499      3.9G   0.01471  0.003391         0    0.0181        17       640    0.7676     0.875    0.8762    0.4585   0.03681  0.008497         0
   348/499      3.9G   0.01574   0.00351         0   0.01925        16       640    0.7391         1     0.995    0.4704   0.03925  0.005643         0
   349/499      3.9G   0.01581  0.003536         0   0.01934        15       640    0.8361         1     0.995    0.4845   0.03643  0.005498         0
   350/499      3.9G   0.01448  0.003352         0   0.01783        13       640    0.8482         1     0.995    0.4859   0.03701  0.005412         0
   351/499      3.9G    0.0167  0.003268         0   0.01997         8       640    0.8554         1     0.995    0.4579   0.03874  0.005456         0
   352/499      3.9G   0.01607  0.003785         0   0.01986        17       640    0.8515    0.9375    0.9624    0.4309   0.03944  0.006063         0
   353/499      3.9G   0.01604  0.003755         0   0.01979        14       640    0.9042    0.9375     0.935    0.4604   0.03907  0.007243         0
   354/499      3.9G   0.01595   0.00353         0   0.01948        10       640    0.9137     0.875      0.92    0.4806   0.03752  0.008271         0
   355/499      3.9G   0.01559    0.0034         0   0.01899        12       640    0.9344     0.875     0.895    0.4565   0.03711  0.008521         0
   356/499      3.9G   0.01613  0.003415         0   0.01955        13       640    0.9226     0.875     0.925    0.4707   0.03666  0.007939         0
   357/499      3.9G   0.01645   0.00308         0   0.01952        17       640     0.913    0.9375     0.935    0.4874   0.03763  0.007377         0
   358/499      3.9G   0.01579   0.00332         0   0.01911        16       640    0.7999     0.875    0.8781    0.4599   0.03714  0.006574         0
   359/499      3.9G   0.01562  0.003186         0    0.0188        17       640    0.8871    0.9828    0.9883    0.5109   0.03467  0.005768         0
   360/499      3.9G   0.01491  0.003508         0   0.01842        17       640    0.8593         1    0.9883    0.5082   0.03338  0.005929         0
   361/499      3.9G   0.01565  0.003241         0    0.0189        20       640    0.9394         1    0.9915    0.5053   0.03461  0.006373         0
   362/499      3.9G   0.01538  0.003665         0   0.01904        13       640    0.9394    0.9375    0.9513    0.4734    0.0365  0.007068         0
   363/499      3.9G   0.01493  0.003177         0   0.01811        13       640    0.9117    0.9375    0.9513    0.4664   0.03696  0.006993         0
   364/499      3.9G     0.015  0.003366         0   0.01837         9       640    0.9155         1     0.995    0.4962   0.03774  0.006209         0
   365/499      3.9G   0.01434  0.003533         0   0.01787         9       640    0.9202         1     0.995    0.4818   0.03784  0.005953         0
   366/499      3.9G   0.01421  0.003354         0   0.01756        12       640    0.8825    0.9375    0.9855    0.4647    0.0391  0.006621         0
   367/499      3.9G   0.01597   0.00304         0   0.01901        20       640    0.8848    0.9375    0.9749    0.4755   0.03836  0.007122         0
   368/499      3.9G   0.01525  0.002897         0   0.01815        11       640    0.8659    0.9375    0.9488    0.4762   0.03751  0.007152         0
   369/499      3.9G   0.01502   0.00329         0   0.01831        10       640    0.9114    0.9375    0.9542    0.4463   0.03761  0.007082         0
   370/499      3.9G   0.01466  0.003449         0   0.01811        17       640    0.8842    0.9375    0.9433    0.4182   0.03832  0.007398         0
   371/499      3.9G   0.01525  0.003097         0   0.01834        13       640    0.8199    0.9375    0.9459    0.3976   0.03969  0.007393         0
   372/499      3.9G    0.0148   0.00322         0   0.01802        17       640    0.8581    0.9375    0.9542    0.4287   0.04023  0.007145         0
   373/499      3.9G    0.0147  0.003246         0   0.01794        14       640    0.7509     0.875    0.8739    0.4332    0.0398  0.006667         0
   374/499      3.9G   0.01537  0.003348         0   0.01872         9       640    0.8145     0.875    0.8377    0.4152    0.0398  0.007721         0
   375/499      3.9G   0.01494  0.003559         0    0.0185         8       640    0.9511    0.9375     0.935    0.4353   0.03909     0.008         0
   376/499      3.9G   0.01473  0.003302         0   0.01803        15       640    0.8552    0.9375    0.9414    0.4657   0.03721  0.007682         0
   377/499      3.9G   0.01399  0.003113         0   0.01711        12       640    0.7787    0.9375    0.9696    0.5243    0.0354  0.006982         0
   378/499      3.9G   0.01435  0.003264         0   0.01761        15       640    0.8225         1     0.995    0.5253   0.03546  0.006263         0
   379/499      3.9G   0.01282  0.003231         0   0.01605         9       640    0.8866    0.9375    0.9275    0.4973   0.03732   0.00635         0
   380/499      3.9G   0.01428  0.003119         0    0.0174         8       640    0.8555    0.9375    0.9239    0.4508   0.03948  0.006824         0
   381/499      3.9G   0.01501  0.003432         0   0.01844        11       640    0.8912         1     0.995    0.4553   0.03915  0.006614         0
   382/499      3.9G   0.01443  0.003212         0   0.01765        12       640    0.9421         1     0.995    0.4951   0.03806  0.005862         0
   383/499      3.9G   0.01456  0.003041         0    0.0176        16       640    0.9425         1     0.995    0.5121   0.03662  0.005632         0
   384/499      3.9G   0.01513   0.00314         0   0.01827        13       640    0.9466         1     0.995    0.5215    0.0362  0.005505         0
   385/499      3.9G   0.01439  0.003195         0   0.01758        12       640     0.948         1     0.995    0.4816   0.03753  0.005448         0
   386/499      3.9G    0.0149  0.003406         0   0.01831        16       640     0.935    0.8996    0.9879    0.4519   0.03971  0.007072         0
   387/499      3.9G    0.0154  0.002922         0   0.01832        18       640    0.8971     0.875    0.9125    0.4629   0.03964   0.00713         0
   388/499      3.9G    0.0146  0.003068         0   0.01767        14       640    0.8821     0.875    0.8993    0.4574   0.03935  0.007136         0
   389/499      3.9G     0.014  0.003311         0   0.01731        14       640    0.8314    0.9253    0.9348    0.4775    0.0385  0.006421         0
   390/499      3.9G   0.01359  0.003237         0   0.01682        13       640    0.7449    0.9375    0.9113    0.4802   0.03726  0.005862         0
   391/499      3.9G   0.01402  0.003171         0   0.01719         9       640    0.6981    0.9375    0.9125    0.4603   0.03797  0.006275         0
   392/499      3.9G   0.01455  0.003281         0   0.01783        15       640     0.726     0.875     0.876    0.4743   0.03659  0.007235         0
   393/499      3.9G   0.01499  0.003329         0   0.01831        18       640    0.8206    0.8125    0.8361    0.4509   0.03653  0.008267         0
   394/499      3.9G   0.01476  0.003145         0    0.0179         7       640    0.9371     0.875    0.8837    0.4347   0.03676  0.008898         0
   395/499      3.9G   0.01355  0.003135         0   0.01669        16       640    0.9384     0.875    0.9061    0.4678   0.03617  0.008637         0
   396/499      3.9G   0.01386  0.002871         0   0.01673        10       640    0.9377     0.875    0.9096    0.4612   0.03678   0.00841         0
   397/499      3.9G   0.01429  0.002956         0   0.01724        17       640    0.8445     0.875    0.9308    0.4407   0.03819  0.007964         0
   398/499      3.9G   0.01439  0.003149         0   0.01754        11       640    0.9373    0.9348    0.9401    0.4582   0.03798  0.007843         0
   399/499      3.9G   0.01383  0.003286         0   0.01712        15       640    0.8907    0.9375     0.935    0.4479    0.0387  0.007411         0
   400/499      3.9G   0.01332  0.003137         0   0.01646        12       640    0.8171     0.875    0.9031    0.4545   0.03915  0.006564         0
   401/499      3.9G   0.01576  0.003198         0   0.01896        12       640    0.8239     0.875    0.8856    0.4428   0.03879  0.006932         0
   402/499      3.9G   0.01384  0.003791         0   0.01763        11       640    0.9429    0.9375    0.9513    0.4574   0.03784  0.006987         0
   403/499      3.9G   0.01457  0.003223         0   0.01779        14       640    0.9497    0.9375     0.935     0.464   0.03748  0.007475         0
   404/499      3.9G   0.01544  0.003274         0   0.01872         8       640    0.9394    0.9375     0.935    0.4687   0.03706  0.007088         0
   405/499      3.9G   0.01347  0.002964         0   0.01644        11       640    0.8783     0.875    0.8961    0.4726   0.03773  0.006983         0
   406/499      3.9G   0.01331  0.003025         0   0.01633        11       640    0.8773     0.875    0.8923    0.4624   0.03788  0.006702         0
   407/499      3.9G    0.0132  0.002982         0   0.01619        17       640    0.8771     0.875    0.8981    0.4663   0.03833  0.006568         0
   408/499      3.9G   0.01458  0.003252         0   0.01783         9       640    0.8796     0.875    0.9071    0.4636   0.03902  0.006378         0
   409/499      3.9G   0.01398  0.003478         0   0.01746        12       640    0.9935         1     0.995    0.4938   0.03781   0.00589         0
   410/499      3.9G    0.0126  0.003035         0   0.01563        13       640    0.9649         1     0.995    0.4705   0.03827   0.00593         0
   411/499      3.9G   0.01348  0.002804         0   0.01629        13       640         1    0.9962     0.995    0.4748   0.03874  0.006112         0
   412/499      3.9G   0.01395   0.00305         0     0.017        12       640    0.9435    0.9375    0.9807    0.4688   0.03922  0.006277         0
   413/499      3.9G   0.01392  0.003123         0   0.01704        13       640         1    0.9941     0.995    0.4492   0.03945  0.006314         0
   414/499      3.9G   0.01299  0.003282         0   0.01628        15       640    0.9441    0.9375    0.9693    0.4436   0.03977  0.006565         0
   415/499      3.9G   0.01282  0.003038         0   0.01586        13       640    0.9387    0.9375    0.9546    0.4249   0.04032  0.007023         0
   416/499      3.9G   0.01351  0.003471         0   0.01698        14       640    0.9386    0.9375    0.9466    0.4106   0.04049  0.007406         0
   417/499      3.9G   0.01313  0.002864         0     0.016        16       640    0.8895     0.875    0.8663    0.4133   0.04002   0.00804         0
   418/499      3.9G   0.01218  0.002953         0   0.01513        15       640    0.8444     0.875    0.8663    0.4312   0.03918  0.007996         0
   419/499      3.9G   0.01429  0.003234         0   0.01752         9       640    0.8291     0.875    0.8811    0.4414   0.03856  0.007519         0
   420/499      3.9G   0.01345  0.002584         0   0.01603         8       640     0.845     0.875    0.8663    0.4277   0.03939  0.007566         0
   421/499      3.9G   0.01235  0.002781         0   0.01513        10       640    0.8346     0.875    0.8417    0.4077   0.03951  0.007653         0
   422/499      3.9G   0.01276  0.003212         0   0.01597        17       640    0.8757     0.875    0.8543    0.4298   0.03981  0.007885         0
   423/499      3.9G   0.01298  0.003142         0   0.01612        14       640    0.8925     0.875    0.8663    0.4225   0.04015   0.00825         0
   424/499      3.9G     0.013  0.003011         0   0.01601        12       640    0.8697    0.8125    0.8675    0.4423   0.03898  0.008313         0
   425/499      3.9G   0.01243  0.003156         0   0.01559        15       640    0.9048     0.875     0.871    0.4466   0.03913  0.008211         0
   426/499      3.9G   0.01308  0.003109         0   0.01619        17       640    0.8523     0.875     0.871    0.4387   0.03936  0.007773         0
   427/499      3.9G   0.01312  0.002812         0   0.01593        15       640    0.8811     0.875    0.8977    0.4218   0.04087  0.007625         0
   428/499      3.9G   0.01353  0.003163         0   0.01669        18       640    0.8812     0.875    0.9083    0.4289   0.04084  0.007023         0
   429/499      3.9G   0.01198  0.002732         0   0.01471        11       640    0.9733         1     0.995     0.456   0.04024  0.006608         0
   430/499      3.9G   0.01401  0.002824         0   0.01684        17       640    0.8796     0.914    0.9193    0.4529   0.03906  0.006689         0
   431/499      3.9G   0.01283  0.003257         0   0.01608        19       640    0.8363     0.875    0.9073    0.4417    0.0391  0.006708         0
   432/499      3.9G   0.01377  0.002986         0   0.01676        14       640    0.8846    0.9375    0.9767    0.4522   0.03881   0.00673         0
   433/499      3.9G   0.01236   0.00288         0   0.01524         8       640    0.7767    0.8125    0.8421    0.4347   0.03912  0.006929         0
   434/499      3.9G   0.01276  0.003091         0   0.01585        15       640    0.7877    0.8125    0.8414    0.3933   0.03989   0.00717         0
   435/499      3.9G   0.01284  0.003191         0   0.01603        12       640    0.7693    0.8125     0.832     0.397   0.04093  0.007353         0
   436/499      3.9G   0.01282  0.002797         0   0.01562        11       640     0.908    0.9375    0.9516    0.4258   0.04025  0.007174         0
   437/499      3.9G   0.01396  0.002773         0   0.01673        16       640    0.7913    0.8125    0.8357    0.4401   0.03963  0.006661         0
   438/499      3.9G   0.01364  0.002903         0   0.01654         9       640    0.8766     0.875    0.8825    0.4603   0.03908  0.006822         0
   439/499      3.9G   0.01268  0.002933         0   0.01561        15       640     0.879     0.875    0.9015    0.4707   0.03745   0.00671         0
   440/499      3.9G   0.01231  0.003122         0   0.01543        17       640    0.9557    0.9375    0.9573    0.4754   0.03738  0.007213         0
   441/499      3.9G   0.01246  0.003041         0    0.0155        12       640    0.9192    0.9375    0.9568    0.4498    0.0382  0.007385         0
   442/499      3.9G   0.01312  0.003098         0   0.01622        15       640    0.8745     0.875     0.892    0.4319   0.04004  0.007223         0
   443/499      3.9G   0.01238  0.003499         0   0.01588        13       640    0.9395    0.9375    0.9542    0.4169   0.04119  0.007149         0
   444/499      3.9G   0.01273  0.002981         0   0.01571        20       640    0.8482     0.875     0.871     0.428   0.04073  0.007864         0
   445/499      3.9G   0.01299  0.002865         0   0.01586        12       640    0.8496     0.875     0.871    0.4322   0.03882  0.007911         0
   446/499      3.9G   0.01196  0.002689         0   0.01465        11       640    0.8365     0.875     0.871    0.4533   0.03821  0.008158         0
   447/499      3.9G   0.01246  0.002836         0    0.0153        14       640    0.8514     0.875     0.871    0.4518   0.03891   0.00796         0
   448/499      3.9G   0.01304  0.003202         0   0.01624        12       640    0.8158    0.8125     0.815    0.4307    0.0391  0.007623         0
   449/499      3.9G   0.01236  0.002934         0    0.0153        15       640    0.8192    0.8125     0.815    0.4153   0.03967  0.007889         0
   450/499      3.9G   0.01213  0.002649         0   0.01477         9       640    0.8803     0.875    0.8879    0.4192   0.03997  0.007708         0
   451/499      3.9G   0.01289   0.00326         0   0.01615         9       640    0.8801     0.875    0.8884    0.4269   0.03991  0.007939         0
   452/499      3.9G   0.01291  0.003343         0   0.01625        13       640    0.8613     0.875    0.8766    0.4498   0.03968  0.007416         0
   453/499      3.9G   0.01307  0.003125         0   0.01619        13       640    0.8183     0.875    0.8845     0.443   0.03885  0.006652         0
   454/499      3.9G   0.01277  0.003105         0   0.01588        11       640    0.8239     0.875    0.8867    0.4528   0.03869  0.006681         0
   455/499      3.9G   0.01274  0.003165         0    0.0159        14       640    0.8753     0.875    0.8983    0.4527   0.03876   0.00688         0
   456/499      3.9G   0.01194  0.002943         0   0.01489        12       640    0.8752     0.875    0.8929    0.4387   0.03949   0.00684         0
   457/499      3.9G   0.01221  0.002759         0   0.01497        12       640    0.8501     0.875    0.9163    0.4532   0.03898  0.006429         0
   458/499      3.9G   0.01244  0.002955         0    0.0154        15       640    0.8792    0.9104    0.9193      0.45   0.03896  0.006258         0
   459/499      3.9G    0.0119   0.00281         0   0.01471        11       640    0.9503         1     0.995    0.4372   0.04004   0.00621         0
   460/499      3.9G   0.01237  0.003191         0   0.01556        14       640    0.9425         1     0.995    0.4433   0.04057  0.006093         0
   461/499      3.9G   0.01242  0.002879         0    0.0153         9       640    0.9085    0.9375    0.9231     0.413   0.04012   0.00636         0
   462/499      3.9G   0.01173  0.002774         0    0.0145        11       640    0.8504    0.9375    0.9313    0.4388   0.03866  0.006226         0
   463/499      3.9G   0.01253  0.003015         0   0.01555        17       640    0.8564    0.9375    0.9275    0.4469   0.03927  0.006285         0
   464/499      3.9G   0.01262  0.003092         0   0.01571        18       640    0.9071    0.9375    0.9231    0.4287   0.04058  0.006536         0
   465/499      3.9G   0.01199  0.002788         0   0.01478        15       640    0.9922         1     0.995      0.41   0.04139   0.00669         0
   466/499      3.9G   0.01225  0.002643         0   0.01489        14       640    0.9374    0.9361    0.9275    0.4136   0.04133  0.006922         0
   467/499      3.9G    0.0122  0.002974         0   0.01517         4       640    0.9267    0.9375    0.9313    0.4265   0.04082  0.006903         0
   468/499      3.9G   0.01188  0.003109         0   0.01499        18       640      0.88     0.875    0.8936    0.4351   0.03996  0.007424         0
   469/499      3.9G   0.01235  0.002909         0   0.01526        18       640    0.9433    0.9375    0.9454    0.4377   0.03938  0.007709         0
   470/499      3.9G   0.01256   0.00322         0   0.01578        23       640    0.9439    0.9375    0.9449    0.4361   0.03944  0.007645         0
   471/499      3.9G   0.01219  0.003055         0   0.01524        16       640    0.9411    0.9375     0.935    0.4312   0.04017  0.007605         0
   472/499      3.9G   0.01226  0.003068         0   0.01533        11       640    0.9411    0.9375     0.935    0.4368   0.03994  0.007996         0
   473/499      3.9G   0.01171  0.002575         0   0.01429         5       640    0.9477    0.9375     0.935    0.4278   0.03939  0.008085         0
   474/499      3.9G   0.01127   0.00288         0   0.01415        14       640    0.8804     0.875    0.8886    0.4429   0.03925  0.007229         0
   475/499      3.9G   0.01199  0.003119         0   0.01511        15       640    0.8987    0.9375    0.9194    0.4486   0.03919  0.006527         0
   476/499      3.9G   0.01234  0.002973         0   0.01532        14       640    0.8882    0.9375    0.9231    0.4739   0.03949   0.00632         0
   477/499      3.9G   0.01224   0.00315         0   0.01539        17       640    0.9447         1     0.995    0.4624   0.03926   0.00634         0
   478/499      3.9G   0.01219  0.002773         0   0.01497        15       640    0.9473         1     0.995    0.4407   0.03964  0.006506         0
   479/499      3.9G   0.01199  0.002766         0   0.01475        12       640    0.9426    0.9375    0.9706    0.4616   0.03964  0.007214         0
   480/499      3.9G   0.01255  0.002797         0   0.01534         7       640    0.8775     0.875     0.871    0.4303    0.0393  0.008181         0
   481/499      3.9G   0.01226  0.003149         0   0.01541        16       640    0.9403    0.9375     0.935    0.4305   0.03928   0.00869         0
   482/499      3.9G   0.01264  0.002882         0   0.01552         8       640    0.9571    0.9375     0.935    0.4321   0.03906  0.009104         0
   483/499      3.9G   0.01287  0.002785         0   0.01566         7       640    0.9413    0.9375     0.935    0.4453   0.03923  0.008448         0
   484/499      3.9G   0.01177  0.002874         0   0.01464        14       640    0.8761     0.875    0.8707    0.4595   0.03821  0.007358         0
   485/499      3.9G   0.01226  0.002689         0   0.01495        11       640    0.8767     0.875    0.8925    0.4729   0.03678  0.006755         0
   486/499      3.9G   0.01103  0.002788         0   0.01382        18       640         1    0.9984     0.995    0.4815   0.03715  0.006502         0
   487/499      3.9G   0.01303   0.00299         0   0.01602         9       640    0.9525         1     0.995    0.4516   0.03902  0.006514         0
   488/499      3.9G   0.01218  0.003169         0   0.01535        15       640    0.9498         1     0.995    0.4193   0.03996   0.00658         0
   489/499      3.9G   0.01197  0.002906         0   0.01488        11       640    0.8788    0.9375    0.8919    0.4268   0.04013  0.006632         0
   490/499      3.9G   0.01242  0.002759         0   0.01518         7       640    0.8834    0.9375    0.8962    0.4615   0.03836  0.006356         0
   491/499      3.9G   0.01176  0.002831         0   0.01459        14       640    0.8648    0.9375    0.9194    0.4793   0.03747  0.006192         0
   492/499      3.9G    0.0122  0.002638         0   0.01484        17       640    0.8831    0.9375    0.9194    0.4902   0.03753  0.006231         0
   493/499      3.9G    0.0118  0.002624         0   0.01442        11       640     0.898    0.9375    0.9275    0.4929   0.03745  0.006534         0
   494/499      3.9G   0.01165  0.003186         0   0.01483        15       640    0.8802     0.875    0.8919    0.4662   0.03803  0.007197         0
   495/499      3.9G   0.01141  0.002816         0   0.01423        13       640    0.8804     0.875    0.8701    0.4351   0.03906  0.007274         0
   496/499      3.9G   0.01166  0.003069         0   0.01473        15       640    0.8802     0.875    0.8557    0.4218   0.03907  0.007353         0
   497/499      3.9G   0.01234  0.002953         0    0.0153        17       640    0.8803     0.875    0.8544    0.4561   0.03836  0.007239         0
   498/499      3.9G   0.01282  0.003117         0   0.01594        16       640      0.88     0.875    0.8826    0.4571    0.0378  0.007002         0
   499/499      3.9G   0.01226   0.00268         0   0.01494         7       640    0.8801     0.875     0.897    0.4605   0.03902   0.00706         0
